3  3  0  2  1  1
4  1  0  3  1  3
5  1  0  2  1  2
6  1  2633  1  1  2
7  2  0  2  1  3
8  2  0  3  1  3
9  2  0  4  1  3
10  2  0  5  1  3
11  3  0  5  1  3
12  3  0  6  1  3
13  3  0  6  1  3
14  3  0  7  1  3
15  3  0  7  1  3
16  3  0  8  1  3
17  3  0  7  1  3
18  3  0  6  1  2
19  3  0  6  1  1
20  2  0  7  1  1
21  1  0  8  1  2
22  1  0  6  1  2
23  2  0  5  1  1
24  2  0  5  1  1
25  1  0  4  1  1
26  1  0  4  1  2
27  1  0  4  1  2
28  2  0  4  1  2
29  2  0  4  1  2
30  2  0  4  1  2
31  2  0  4  1  2
32  2  0  4  1  2
33  2  0  4  1  2
34  2  0  4  1  3
35  2  0  4  1  3
36  3  0  4  1  3
37  3  0  3  1  3
38  3  0  4  1  3
39  3  0  4  1  3
40  3  0  5  1  3
41  3  0  5  1  3
42  3  0  6  1  3
43  3  0  7  1  3
44  3  0  7  1  3
45  3  0  8  1  3
46  3  0  8  1  3
47  3  0  9  1  3
48  3  0  9  1  3
49  3  0  10  1  3
50  3  0  10  1  3
51  3  0  10  1  3
52  3  0  9  1  3
53  3  0  7  1  2
54  3  0  6  1  1
55  2  0  6  1  1
56  1  196425  5  1  1
57  1  0  6  1  1
58  1  0  5  1  1
59  1  0  5  1  1
60  1  0  5  1  1
61  1  0  6  1  2
62  1  0  5  1  2
63  1  0  6  1  2
64  1  0  6  1  2
65  1  0  7  1  2
66  1  0  7  1  2
67  1  0  6  1  2
68  1  0  4  1  2
69  1  0  5  1  2
70  1  0  6  1  2
71  1  0  6  1  2
72  1  0  6  1  2
73  1  0  7  1  2
74  1  0  7  1  2
75  1  0  6  1  2
76  1  0  6  1  2
77  1  0  6  1  2
78  1  0  7  1  2
79  1  0  6  1  2
80  1  0  6  1  2
81  1  0  6  1  2
82  1  0  7  1  2
83  1  0  7  1  2
84  1  0  6  1  2
85  1  0  7  1  1
86  1  0  7  1  1
87  1  0  6  1  1
88  1  0  5  1  1
89  1  0  6  1  1
90  1  0  6  1  2
91  1  0  6  1  2
92  1  0  7  1  2
93  1  0  7  1  2
94  1  0  6  1  1
95  1  0  7  1  1
96  1  0  6  1  1
97  1  0  6  1  1
98  1  0  6  1  2
99  1  0  4  1  2
100  1  0  4  1  2
101  1  0  5  1  2
102  1  0  6  1  2
103  1  0  7  1  3
104  1  0  4  1  2
105  1  0  5  1  2
106  1  0  6  1  2
107  1  0  6  1  2
108  1  0  5  1  2
109  1  0  6  1  2
110  1  0  6  1  1
111  1  0  5  1  2
112  1  0  6  1  2
113  1  0  6  1  2
114  1  0  6  1  2
115  1  0  6  1  2
116  1  0  7  1  2
117  1  0  7  1  2
118  1  0  6  1  2
119  1  0  5  1  2
120  1  0  6  1  2
121  1  0  5  1  2
122  1  0  4  1  1
123  1  0  4  1  1
124  1  0  5  1  1
125  1  0  5  1  2
126  1  0  5  1  2
127  1  0  5  1  2
3  3  0  2  1  1
4  1  0  3  1  3
5  1  0  4  1  3
6  3  0  4  1  3
7  3  0  4  1  3
8  3  0  4  1  3
9  3  0  5  1  3
10  3  0  5  1  3
11  3  0  6  1  3
12  3  0  6  1  3
13  3  0  5  1  3
14  3  0  5  1  3
15  3  0  5  1  2
16  3  0  5  1  2
17  2  0  5  1  2
18  2  0  6  1  3
19  2  0  6  1  3
20  3  0  6  1  3
21  3  0  6  1  3
22  3  0  7  1  3
23  3  0  5  1  3
24  3  0  6  1  3
25  3  0  7  1  3
26  3  0  8  1  3
27  3  0  8  1  3
28  3  0  9  1  3
29  3  0  9  1  3
30  3  0  10  1  3
31  3  0  10  1  3
32  3  0  10  1  3
33  3  0  11  1  3
34  3  0  11  1  3
35  3  0  12  1  3
36  3  0  12  1  3
37  3  0  12  1  3
38  3  0  13  1  3
39  3  0  14  1  3
40  3  0  14  1  3
41  3  0  14  1  3
42  3  0  15  1  3
43  3  0  15  1  3
44  3  0  16  1  3
45  3  0  17  1  3
46  3  0  17  1  3
47  3  0  17  1  3
48  3  0  18  1  3
49  3  0  18  1  3
50  3  0  18  1  3
51  3  0  18  1  3
52  3  0  18  1  3
53  3  0  17  1  3
54  3  0  17  1  3
55  3  0  15  1  2
56  3  0  12  1  2
57  2  0  11  1  1
58  2  0  10  1  1
59  1  0  11  1  1
60  1  0  11  1  1
61  1  0  11  1  1
62  1  0  12  1  2
63  1  0  11  1  1
64  2  0  11  1  1
65  1  0  12  1  1
66  1  0  12  1  1
67  1  0  12  1  1
68  1  0  13  1  1
69  1  0  13  1  1
70  1  0  13  1  2
71  1  0  12  1  1
72  2  0  11  1  1
73  1  0  12  1  1
74  1  0  13  1  2
75  1  0  13  1  3
76  2  0  13  1  2
77  2  0  12  1  2
78  2  0  12  1  2
79  2  0  11  1  1
80  2  0  10  1  1
81  1  0  11  1  2
82  1  0  12  1  2
83  1  0  12  1  2
84  2  0  11  1  1
85  2  0  11  1  2
86  1  0  10  1  2
87  2  0  11  1  3
88  2  0  10  1  2
89  3  0  9  1  2
90  3  0  6  1  1
91  2  1530777102209  7  1  1
92  2  0  8  1  2
93  2  0  9  1  3
94  2  0  10  1  3
95  2  0  11  1  3
3  3  0  2  1  1
96  2  0  12  1  3
4  1  0  3  1  3
97  2  0  13  1  3
5  1  0  4  1  3
98  2  0  14  1  3
6  3  0  4  1  3
99  2  0  13  1  3
100  2  0  13  1  3
7  3  0  4  1  3
8  3  0  4  1  3
101  2  0  14  1  3
102  2  0  14  1  3
9  3  0  5  1  3
10  3  0  5  1  3
103  2  0  15  1  3
11  3  0  6  1  3
104  2  0  15  1  3
12  3  0  6  1  3
105  2  0  15  1  3
106  2  0  14  1  3
13  3  0  4  1  3
14  3  0  2  1  3
107  2  0  12  1  3
15  3  0  2  1  3
108  2  0  11  1  3
16  3  0  1  1  3
109  2  0  11  1  3
17  3  0  2  1  3
110  2  0  11  1  3
18  3  0  2  1  3
111  2  0  11  1  3
19  3  0  2  1  3
112  2  0  12  1  3
113  2  0  13  1  3
20  3  0  3  1  3
21  3  5342  1  1  1
114  2  0  10  1  1
22  3  6000  1  1  1
115  2  0  8  1  1
23  1  2354  1  1  1
116  2  0  8  1  1
117  2  0  7  1  1
24  1  0  1  1  1
25  1  740  1  1  1
118  2  0  7  1  1
119  2  0  6  1  1
26  1  3215  1  1  1
27  1  0  2  1  1
120  2  0  7  1  1
28  1  0  1  1  1
121  2  0  6  1  1
29  1  0  2  1  1
122  2  0  7  1  1
3  3  0  2  1  1
4  1  0  3  1  2
5  1  0  4  1  3
6  2  0  5  1  3
7  2  0  5  1  3
8  3  0  4  1  3
9  3  0  5  1  3
10  3  0  6  1  3
11  3  0  7  1  3
12  3  0  7  1  3
13  3  0  8  1  3
14  3  0  9  1  3
15  3  0  9  1  3
16  3  0  10  1  3
17  3  0  10  1  3
18  3  0  11  1  3
19  3  0  12  1  3
20  3  0  12  1  3
21  3  0  11  1  2
22  3  0  9  1  2
23  2  0  8  1  1
24  2  0  8  1  1
25  1  0  8  1  1
26  1  0  8  1  1
27  1  0  8  1  1
28  1  0  9  1  2
29  1  0  8  1  2
30  2  0  7  1  1
31  2  0  6  1  1
32  1  0  6  1  1
33  1  0  6  1  1
34  1  0  6  1  1
35  1  0  6  1  1
36  1  0  6  1  2
37  1  0  6  1  2
38  2  0  6  1  2
39  2  0  6  1  2
40  2  0  3  1  2
41  2  1530777487078  4  1  2
42  2  0  5  1  3
43  2  0  6  1  3
44  2  0  6  1  3
45  2  0  6  1  2
46  2  0  6  1  1
47  2  0  7  1  1
48  2  0  6  1  1
49  2  0  6  1  2
50  2  0  5  1  1
51  2  0  5  1  1
52  2  0  6  1  1
53  2  0  6  1  1
54  2  0  6  1  1
55  2  0  7  1  2
56  2  0  6  1  1
57  2  0  6  1  1
58  2  0  5  1  1
59  2  0  5  1  1
60  2  0  6  1  1
61  2  0  7  1  2
62  2  0  7  1  2
63  2  0  6  1  2
64  2  0  6  1  1
65  2  0  7  1  1
66  2  0  5  1  1
67  2  0  5  1  1
68  2  0  5  1  1
69  2  0  5  1  1
70  2  0  5  1  1
71  2  0  5  1  1
72  2  0  6  1  1
73  2  0  6  1  1
74  2  0  7  1  1
75  2  0  7  1  2
76  2  0  6  1  1
77  2  0  7  1  1
78  2  0  7  1  1
79  2  0  7  1  2
80  2  0  7  1  2
81  2  0  6  1  2
82  2  0  7  1  1
83  2  0  7  1  2
84  2  0  6  1  2
85  2  0  6  1  1
86  2  0  3  1  1
87  2  0  3  1  1
88  2  0  4  1  1
89  2  0  4  1  1
90  2  0  4  1  1
91  2  0  5  1  1
92  2  0  5  1  1
93  2  0  5  1  1
94  2  0  6  1  1
95  2  0  6  1  2
96  2  0  5  1  1
97  2  0  5  1  1
98  2  0  5  1  1
99  2  0  5  1  1
100  2  0  0  1  1
101  2  15031  1  1  2
102  2  0  2  1  2
103  2  0  3  1  3
104  2  0  4  1  3
105  2  0  5  1  3
106  2  0  6  1  3
107  2  0  7  1  3
108  2  0  7  1  3
109  2  0  8  1  3
110  2  0  9  1  3
111  2  0  9  1  3
112  2  0  9  1  2
113  2  0  9  1  1
114  2  0  8  1  1
115  2  0  9  1  1
116  2  0  9  1  1
117  2  0  9  1  2
118  2  0  9  1  1
119  2  0  9  1  2
120  2  0  8  1  1
121  2  0  8  1  1
122  2  0  7  1  1
123  2  0  7  1  1
124  2  0  8  1  1
125  2  0  8  1  2
126  2  0  8  1  2
127  2  0  8  1  2
128  2  0  8  1  2
129  2  0  8  1  2
130  2  0  8  1  2
131  2  0  9  1  2
132  2  0  9  1  2
133  2  0  7  1  2
134  2  0  7  1  2
135  2  0  7  1  1
136  2  0  8  1  2
137  2  0  9  1  2
138  2  0  9  1  2
139  2  0  9  1  1
140  2  0  9  1  1
141  2  0  9  1  2
142  2  0  9  1  2
143  2  0  9  1  2
144  2  0  9  1  2
145  2  0  9  1  2
146  2  0  9  1  2
147  2  0  8  1  1
148  2  0  6  1  1
149  2  0  7  1  1
150  2  0  7  1  1
151  2  0  7  1  1
152  2  0  7  1  2
153  2  0  6  1  1
154  2  0  6  1  1
155  2  0  6  1  1
156  2  0  5  1  1
3  3  0  2  1  1
4  1  0  3  1  3
5  1  0  3  1  2
6  3  0  3  1  2
7  2  0  3  1  2
8  2  0  4  1  2
9  2  0  5  1  3
10  2  0  6  1  3
11  3  0  7  1  3
12  3  0  8  1  3
13  3  0  8  1  3
14  3  0  9  1  3
15  3  0  10  1  3
16  3  0  11  1  3
17  3  0  12  1  3
18  3  0  13  1  3
19  3  0  14  1  3
20  3  0  15  1  3
21  3  0  15  1  3
22  3  0  15  1  2
23  3  0  15  1  2
24  2  0  16  1  1
25  2  0  16  1  2
26  1  0  16  1  2
27  2  0  16  1  3
28  2  0  16  1  3
29  3  0  16  1  3
30  3  0  16  1  3
31  3  0  16  1  3
32  3  0  16  1  3
33  3  0  14  1  3
34  3  1530778106070  15  1  2
35  3  0  16  1  2
36  3  0  16  1  1
37  3  0  17  1  2
38  3  0  18  1  3
39  3  0  19  1  3
40  3  0  19  1  3
41  3  0  19  1  3
42  3  0  19  1  3
43  3  0  19  1  3
44  3  0  19  1  3
45  3  0  19  1  3
46  3  0  19  1  3
47  3  0  19  1  3
48  3  0  19  1  3
49  3  0  19  1  3
50  3  0  19  1  3
51  3  0  19  1  3
52  3  0  19  1  3
53  3  0  20  1  3
54  3  0  20  1  3
55  3  0  21  1  3
56  3  0  22  1  -2147483648
57  3  0  23  1  3
58  3  0  24  1  3
3  3  0  2  1  1
4  1  0  3  1  3
59  3  0  25  1  3
60  3  0  26  1  3
5  1  0  4  1  3
6  1  0  5  1  3
61  3  0  26  1  3
7  3  0  6  1  3
62  3  0  27  1  3
63  3  0  28  1  3
8  3  0  6  1  3
64  3  0  28  1  3
9  3  0  7  1  3
10  3  0  8  1  3
65  3  0  29  1  3
11  3  0  9  1  3
66  3  0  30  1  3
12  3  0  10  1  3
67  3  0  31  1  3
13  3  0  10  1  3
68  3  0  32  1  3
69  3  0  33  1  3
14  3  0  11  1  3
15  3  0  12  1  3
70  3  0  34  1  3
71  3  0  35  1  3
16  3  0  13  1  3
17  3  0  14  1  3
72  3  0  36  1  3
18  3  0  15  1  3
73  3  0  36  1  3
74  3  0  37  1  3
19  3  0  15  1  3
75  3  0  37  1  2
20  3  0  15  1  2
21  3  0  16  1  2
76  3  0  38  1  2
77  3  0  38  1  3
22  3  0  16  1  2
78  3  0  37  1  3
23  2  0  16  1  3
79  3  0  38  1  3
24  2  0  16  1  3
80  3  0  38  1  3
25  3  0  16  1  3
81  3  0  38  1  3
26  3  0  16  1  3
82  3  0  36  1  3
27  3  0  14  1  3
28  3  0  15  1  3
83  3  0  37  1  3
84  3  0  38  1  3
29  3  0  16  1  3
30  3  0  16  1  3
85  3  0  38  1  3
31  3  0  16  1  3
86  3  0  38  1  3
87  3  0  38  1  3
32  3  0  16  1  3
33  3  0  16  1  3
88  3  0  38  1  3
34  3  0  16  1  3
89  3  0  38  1  3
90  3  0  38  1  3
35  3  0  16  1  3
91  3  0  38  1  3
36  3  0  16  1  3
92  3  0  38  1  3
37  3  0  16  1  3
93  3  0  38  1  3
38  3  0  16  1  3
39  3  0  16  1  3
94  3  0  38  1  3
95  3  0  37  1  3
40  3  0  15  1  3
96  3  0  38  1  3
41  3  0  16  1  3
97  3  0  38  1  3
42  3  0  16  1  3
98  3  0  38  1  3
43  3  0  16  1  3
44  3  0  16  1  3
99  3  0  37  1  3
45  3  0  16  1  3
100  3  0  38  1  3
101  3  0  38  1  3
46  3  0  16  1  3
102  3  0  38  1  3
47  3  0  16  1  3
103  3  0  38  1  3
48  3  0  16  1  3
104  3  0  38  1  3
49  3  0  16  1  3
105  3  0  38  1  3
50  3  0  16  1  3
51  3  0  16  1  3
106  3  0  38  1  3
107  3  0  37  1  3
52  3  0  16  1  3
108  3  0  37  1  3
53  3  0  16  1  3
109  3  0  38  1  3
54  3  0  16  1  3
55  3  0  16  1  3
110  3  0  38  1  3
56  3  0  16  1  3
111  3  0  37  1  3
57  3  0  16  1  3
112  3  0  38  1  3
113  3  0  31  1  3
58  3  0  14  1  3
114  3  0  32  1  2
59  3  1530778360021  15  1  2
115  3  0  33  1  2
60  3  0  16  1  2
61  3  0  17  1  3
116  3  0  33  1  3
62  3  0  18  1  2
117  3  0  34  1  2
118  3  0  35  1  2
119  3  0  36  1  3
63  3  0  18  1  2
120  3  0  37  1  3
121  3  0  38  1  3
64  3  0  19  1  2
65  3  0  19  1  2
66  3  0  20  1  2
122  3  0  38  1  3
67  3  0  21  1  2
123  3  0  38  1  3
68  3  0  21  1  3
124  3  0  38  1  3
69  3  0  21  1  2
125  3  0  38  1  3
70  3  0  21  1  3
126  3  0  36  1  3
71  3  0  19  1  3
72  3  0  18  1  3
127  3  0  35  1  3
128  3  0  36  1  3
73  3  0  19  1  3
129  3  0  37  1  3
130  3  0  38  1  3
74  3  0  19  1  2
131  3  0  38  1  3
75  3  0  20  1  2
76  3  0  20  1  2
77  3  0  21  1  3
132  3  0  38  1  3
78  3  0  21  1  3
133  3  0  38  1  3
79  3  0  20  1  3
134  3  0  37  1  3
135  3  0  37  1  2
80  3  0  20  1  2
136  3  0  37  1  2
137  3  0  37  1  2
81  3  0  20  1  2
138  3  0  38  1  3
82  3  0  20  1  1
139  3  0  38  1  3
83  3  0  20  1  1
84  3  0  20  1  1
140  3  0  37  1  3
85  3  0  20  1  1
141  3  0  38  1  3
142  3  0  38  1  3
86  3  0  20  1  1
143  3  0  38  1  3
87  3  0  20  1  2
144  3  0  37  1  3
88  3  0  19  1  1
145  3  0  37  1  2
146  3  0  38  1  2
89  3  0  19  1  1
90  3  0  20  1  1
91  3  0  21  1  2
147  3  0  38  1  2
92  3  0  21  1  2
148  3  0  38  1  3
93  3  0  21  1  3
149  3  0  38  1  3
94  3  0  21  1  3
150  3  0  38  1  3
95  3  0  21  1  3
151  3  0  38  1  3
96  3  0  21  1  3
152  3  0  38  1  3
97  3  0  21  1  3
153  3  0  38  1  3
98  3  0  21  1  3
99  3  0  21  1  2
154  3  0  37  1  2
100  3  0  21  1  2
155  3  0  37  1  1
156  3  0  38  1  1
101  3  0  21  1  2
157  3  0  38  1  2
102  3  0  21  1  2
103  3  0  21  1  3
158  3  0  38  1  3
159  3  0  38  1  2
104  3  0  21  1  2
105  3  0  21  1  3
160  3  0  38  1  3
161  3  0  38  1  3
106  3  0  21  1  3
162  3  0  38  1  3
107  3  0  21  1  3
108  3  0  21  1  3
163  3  0  38  1  3
109  3  0  21  1  3
164  3  0  38  1  3
165  3  0  38  1  3
110  3  0  21  1  3
111  3  0  21  1  3
166  3  0  38  1  3
112  3  0  21  1  3
167  3  0  38  1  3
113  3  0  22  1  3
168  3  0  38  1  3
114  3  0  21  1  3
169  3  0  37  1  2
170  3  0  38  1  2
115  3  0  21  1  3
116  3  0  21  1  3
171  3  0  37  1  1
172  3  0  38  1  2
117  3  0  21  1  2
118  3  0  21  1  3
173  3  0  37  1  2
174  3  0  38  1  3
119  3  0  21  1  3
120  3  0  21  1  3
175  3  0  38  1  3
176  3  0  38  1  3
121  3  0  21  1  3
122  3  0  21  1  3
177  3  0  38  1  3
123  3  0  21  1  3
178  3  0  38  1  3
179  3  0  38  1  3
124  3  0  21  1  3
125  3  0  21  1  3
180  3  0  38  1  3
181  3  0  38  1  3
126  3  0  22  1  3
182  3  0  38  1  3
127  3  0  21  1  3
128  3  0  21  1  3
183  3  0  38  1  3
184  3  0  38  1  3
129  3  0  21  1  3
130  3  0  21  1  3
185  3  0  38  1  3
131  3  0  21  1  3
186  3  0  38  1  2
132  3  0  21  1  3
187  3  0  38  1  3
188  3  0  38  1  3
189  3  0  38  1  3
133  3  0  20  1  3
134  3  0  20  1  2
190  3  0  38  1  3
135  3  0  21  1  2
136  3  0  21  1  1
191  3  0  38  1  2
192  3  0  38  1  2
137  3  0  21  1  2
138  3  0  21  1  3
193  3  0  38  1  2
139  3  0  22  1  3
194  3  0  37  1  2
195  3  0  38  1  3
140  3  0  21  1  3
196  3  0  38  1  3
141  3  0  21  1  3
142  3  0  21  1  3
197  3  0  38  1  3
198  3  0  38  1  3
143  3  0  21  1  3
144  3  0  21  1  3
199  3  0  38  1  3
145  3  0  21  1  3
200  3  0  38  1  3
146  3  0  21  1  3
201  3  0  38  1  3
147  3  0  21  1  3
202  3  0  38  1  3
203  3  0  38  1  3
148  3  0  21  1  3
149  3  0  21  1  2
204  3  0  37  1  2
205  3  0  33  1  3
150  3  0  16  1  3
206  3  0  32  1  2
151  3  0  16  1  3
207  3  0  33  1  3
152  3  0  16  1  3
208  3  0  34  1  3
153  3  0  17  1  3
154  3  0  18  1  3
209  3  0  34  1  3
210  3  0  35  1  3
155  3  0  18  1  3
156  3  0  19  1  3
211  3  0  36  1  3
212  3  0  36  1  2
157  3  0  19  1  2
213  3  0  36  1  2
214  3  0  37  1  1
158  3  0  19  1  2
215  3  0  38  1  1
159  3  0  20  1  1
160  3  0  21  1  1
161  3  0  21  1  1
216  3  0  37  1  2
217  3  0  38  1  3
162  3  0  21  1  2
218  3  0  38  1  2
163  3  0  21  1  2
219  3  0  38  1  2
164  3  0  21  1  2
220  3  0  38  1  2
165  3  0  21  1  2
221  3  0  37  1  2
166  3  0  21  1  2
222  3  0  37  1  2
167  3  0  20  1  2
223  3  0  38  1  2
168  3  0  21  1  3
169  3  0  21  1  3
224  3  0  38  1  2
225  3  0  38  1  2
170  3  0  21  1  3
171  3  0  21  1  2
226  3  0  37  1  2
227  3  0  38  1  2
172  3  0  21  1  2
228  3  0  38  1  2
173  3  0  21  1  2
229  3  0  38  1  2
174  3  0  21  1  2
230  3  0  38  1  2
175  3  0  21  1  2
231  3  0  37  1  2
176  3  0  21  1  2
232  3  0  38  1  3
177  3  0  21  1  2
178  3  0  21  1  2
233  3  0  38  1  2
179  3  0  21  1  3
234  3  0  38  1  3
235  3  0  38  1  3
180  3  0  21  1  3
181  3  0  20  1  2
236  3  0  37  1  2
237  3  0  36  1  2
182  3  0  20  1  2
183  3  0  20  1  2
238  3  0  37  1  2
239  3  0  38  1  2
184  3  0  21  1  2
185  3  0  22  1  3
240  3  0  38  1  3
241  3  15378612  1  1  3
186  3  15445234  1  1  1
187  3  0  2  1  1
242  3  0  2  1  3
188  3  0  3  1  1
243  3  0  3  1  3
244  3  0  4  1  3
245  3  0  4  1  -2147483648
189  3  0  3  1  1
190  3  0  4  1  1
3  3  0  1  1  1
191  3  0  5  1  1
192  3  0  6  1  3
246  3  0  5  1  3
247  3  0  6  1  3
4  1  0  2  1  3
248  3  0  6  1  3
193  3  0  7  1  3
249  3  0  7  1  3
5  1  0  3  1  3
194  3  0  7  1  3
250  3  0  7  1  3
195  3  0  7  1  3
6  1  0  3  1  3
7  3  0  4  1  2
251  3  0  8  1  2
196  3  0  8  1  2
197  3  0  9  1  3
8  3  0  5  1  3
252  3  0  9  1  3
9  2  0  5  1  2
198  3  0  9  1  2
253  3  0  9  1  2
254  3  0  10  1  2
10  3  0  5  1  2
199  3  0  10  1  2
11  2  0  6  1  2
255  3  0  10  1  2
200  3  0  10  1  2
256  3  0  10  1  2
201  3  0  10  1  2
12  2  0  6  1  2
257  3  0  10  1  2
13  2  0  6  1  2
202  3  0  11  1  2
14  2  0  6  1  2
258  3  0  10  1  2
203  3  0  10  1  2
15  2  0  7  1  2
259  3  0  11  1  2
204  3  0  11  1  2
260  3  0  11  1  1
16  2  0  7  1  1
205  3  0  11  1  1
261  3  0  12  1  2
17  2  0  8  1  2
206  3  0  12  1  2
18  1  0  9  1  2
262  3  0  13  1  2
207  3  0  13  1  2
19  2  0  10  1  2
263  3  0  14  1  2
208  3  0  14  1  2
20  2  0  10  1  2
209  3  0  14  1  2
264  3  0  14  1  2
