3  3  0  2  1  1
4  3  0  3  1  3
5  1  0  4  1  3
6  3  0  5  1  3
7  3  0  6  1  3
8  3  0  7  1  3
9  3  0  8  1  3
10  3  0  9  1  3
11  3  0  9  1  3
12  3  0  10  1  3
13  3  0  11  1  3
14  3  0  12  1  3
15  3  0  13  1  3
16  3  0  14  1  3
17  3  0  15  1  3
18  3  0  16  1  3
19  3  0  17  1  3
20  3  0  17  1  3
21  3  0  17  1  3
22  3  0  17  1  3
23  3  0  17  1  3
24  3  0  17  1  3
25  3  0  17  1  3
26  3  0  17  1  3
27  3  0  17  1  3
28  3  0  14  1  3
29  3  0  11  1  1
30  3  0  11  1  1
31  1  0  11  1  1
32  1  0  12  1  2
33  1  0  11  1  1
34  2  0  11  1  1
35  1  0  12  1  1
36  1  0  13  1  2
37  1  0  12  1  2
38  2  0  11  1  1
39  2  0  11  1  1
40  1  0  11  1  1
41  1  0  12  1  2
42  1  0  10  1  1
43  2  0  10  1  1
44  1  0  10  1  1
45  1  0  11  1  1
46  1  0  11  1  2
3  3  0  2  1  1
4  3  0  3  1  3
5  1  17040  1  1  1
6  3  1546  1  1  1
7  1  0  2  1  1
8  1  0  2  1  1
9  1  0  3  1  1
10  1  0  3  1  2
11  1  0  2  1  1
12  2  0  3  1  1
13  1  0  2  1  1
14  1  0  2  1  1
15  1  0  3  1  1
16  1  0  3  1  1
17  1  0  4  1  1
18  1  0  5  1  2
19  1  0  5  1  2
20  2  0  4  1  1
21  2  0  5  1  1
22  1  0  5  1  1
23  1  0  5  1  2
24  1  0  4  1  1
25  2  0  4  1  1
26  1  0  4  1  1
27  1  0  5  1  1
28  1  0  5  1  2
29  1  0  4  1  1
30  2  0  4  1  1
31  1  0  4  1  1
32  1  0  5  1  2
33  1  0  4  1  1
34  2  0  4  1  1
35  1  0  5  1  1
36  1  0  5  1  2
37  1  0  6  1  2
3  3  0  2  1  1
4  1  0  3  1  3
5  1  0  4  1  3
6  3  0  5  1  3
7  3  0  5  1  3
8  3  0  5  1  3
9  3  0  5  1  3
10  3  0  5  1  3
11  3  0  5  1  3
12  3  0  5  1  3
13  3  0  5  1  3
14  3  0  5  1  3
15  3  0  5  1  3
16  3  0  5  1  3
17  3  0  5  1  3
18  3  0  5  1  3
19  3  0  5  1  3
20  3  0  5  1  3
21  3  0  5  1  3
22  3  0  5  1  3
23  3  0  5  1  3
24  3  0  5  1  3
25  3  0  5  1  3
26  3  0  5  1  3
27  3  0  5  1  3
28  3  0  6  1  3
29  3  0  7  1  3
30  3  0  8  1  3
31  3  0  8  1  3
32  3  0  9  1  3
33  3  0  9  1  3
34  3  0  10  1  3
35  3  0  10  1  3
36  3  0  11  1  3
37  3  0  12  1  3
38  3  0  12  1  3
39  3  0  13  1  3
40  3  0  14  1  3
41  3  0  15  1  3
42  3  0  15  1  3
43  3  0  15  1  3
44  3  0  16  1  3
45  3  0  16  1  3
46  3  0  16  1  3
3  3  0  2  1  1
4  1  0  3  1  3
5  1  0  4  1  3
6  3  0  5  1  3
7  3  0  5  1  3
8  3  0  5  1  3
9  3  0  5  1  3
10  3  0  5  1  3
11  3  0  5  1  3
12  3  0  5  1  3
13  3  0  5  1  3
14  3  0  5  1  3
15  3  0  5  1  3
16  3  0  5  1  3
17  3  0  5  1  3
18  3  0  5  1  3
19  3  0  5  1  3
20  3  0  5  1  3
21  3  0  5  1  3
22  3  0  5  1  3
23  3  0  5  1  3
24  3  0  5  1  3
3  3  0  2  1  1
4  1  0  3  1  3
5  1  0  4  1  3
6  3  0  5  1  3
7  3  0  5  1  3
8  3  0  5  1  3
9  3  0  5  1  3
10  3  0  5  1  3
11  3  0  5  1  3
12  3  0  5  1  3
13  3  0  5  1  3
14  3  0  5  1  3
15  3  0  5  1  3
16  3  0  5  1  3
17  3  0  5  1  3
18  3  0  5  1  3
19  3  0  6  1  3
20  3  0  7  1  3
21  3  0  7  1  3
22  3  0  8  1  3
23  3  0  9  1  3
24  3  0  10  1  3
25  3  0  10  1  3
26  3  0  11  1  3
27  3  0  12  1  3
28  3  0  13  1  3
29  3  0  13  1  3
30  3  0  14  1  3
31  3  0  15  1  3
32  3  0  15  1  3
33  3  0  15  1  3
34  3  0  15  1  3
35  3  1531661341009  11  1  3
36  3  0  12  1  3
37  3  0  12  1  3
38  3  0  12  1  3
39  3  0  12  1  3
40  3  0  12  1  3
41  3  0  12  1  3
3  3  0  2  1  1
4  1  0  3  1  3
5  1  0  4  1  3
6  3  0  5  1  3
7  3  0  5  1  3
8  3  0  5  1  3
9  3  0  5  1  3
10  3  0  5  1  3
11  3  0  5  1  3
12  3  0  5  1  3
13  3  0  5  1  3
14  3  0  5  1  3
15  3  0  4  1  3
16  3  0  4  1  3
17  3  0  4  1  3
18  3  0  4  1  3
19  3  0  4  1  3
20  3  0  4  1  3
21  3  0  4  1  3
22  3  0  4  1  3
23  3  0  4  1  3
24  3  0  4  1  3
25  3  0  4  1  3
26  3  0  4  1  3
27  3  0  4  1  3
28  3  0  4  1  3
29  3  0  4  1  3
30  3  0  4  1  3
31  3  0  4  1  3
32  3  65282  1  1  1
33  3  2948  1  1  1
34  1  950  1  1  1
35  1  1002  1  1  3
36  1  30596  1  1  1
37  3  2445  1  1  1
3  3  8120  1  1  1
4  1  14692  1  1  1
5  1  4846  1  1  1
6  1  5333  1  1  1
7  1  2851  1  1  3
8  1  23115  1  1  1
9  3  0  2  1  1
10  1  0  2  1  1
11  1  0  2  1  3
3  3  0  2  1  1
3  3  0  3  1  1
4  1  0  2  1  2
5  1  1427  1  1  2
6  2  942  1  1  2
7  2  1176  1  1  2
3  3  0  3  1  1
4  0  0  4  1  3
5  0  0  5  1  3
6  0  0  6  1  3
7  0  0  6  1  3
8  0  0  6  1  3
9  0  0  6  1  3
10  0  0  6  1  3
11  0  0  7  1  3
12  0  0  8  1  3
13  0  0  8  1  3
14  0  0  9  1  3
15  0  0  10  1  3
16  0  0  11  1  3
17  0  0  11  1  3
18  0  0  12  1  3
19  0  0  13  1  3
20  0  0  14  1  3
21  0  0  14  1  3
22  0  0  15  1  3
23  0  0  16  1  3
24  0  0  16  1  3
25  0  1531662898389  9  1  3
26  0  0  10  1  3
27  0  0  10  1  3
28  0  0  10  1  3
3  3  0  3  1  1
4  0  0  4  1  3
5  0  0  5  1  3
6  0  0  6  1  3
7  0  0  6  1  3
8  0  0  7  1  3
9  0  0  8  1  3
3  3  0  3  1  1
4  0  0  4  1  3
5  0  0  5  1  3
3  3  0  3  1  1
4  0  0  4  1  3
5  0  0  5  1  3
6  0  0  6  1  3
7  0  0  6  1  3
8  0  0  6  1  3
3  3  0  3  1  1
4  0  0  4  1  3
5  0  0  5  1  3
6  0  0  6  1  3
7  0  0  7  1  3
8  0  0  8  1  3
9  0  0  9  1  3
10  0  0  10  1  3
11  0  0  11  1  3
12  0  0  11  1  3
13  0  0  12  1  3
14  0  0  13  1  3
15  0  0  14  1  3
16  0  0  15  1  3
17  0  0  16  1  3
18  0  0  16  1  3
19  0  0  16  1  3
3  3  0  3  1  1
4  0  0  4  1  3
6  0  0  5  1  3
6  0  0  6  1  3
8  0  0  8  1  3
8  0  0  8  1  3
10  0  0  10  1  3
10  0  0  10  1  3
11  0  0  11  1  3
13  0  0  12  1  3
13  0  0  13  1  3
15  0  0  15  1  3
15  0  0  15  1  3
17  0  0  15  1  3
17  0  0  16  1  3
18  0  0  17  1  3
20  0  0  19  1  3
21  0  0  20  1  3
23  0  0  22  1  3
25  0  0  24  1  3
25  0  0  24  1  3
27  0  0  25  1  3
27  0  0  26  1  3
28  0  0  27  1  3
30  0  0  28  1  3
32  0  0  28  1  3
32  0  0  29  1  3
34  0  0  30  1  3
34  0  0  30  1  3
35  0  0  30  1  3
37  0  0  30  1  3
37  0  0  31  1  3
39  0  0  32  1  3
39  0  0  32  1  3
3  3  0  3  1  1
4  0  0  4  1  3
5  0  0  5  1  3
6  0  0  6  1  3
7  0  0  7  1  3
8  0  0  8  1  3
9  0  0  9  1  3
10  0  0  10  1  3
11  0  0  10  1  3
12  0  0  11  1  3
13  0  0  12  1  3
14  0  0  13  1  3
15  0  0  14  1  3
16  0  0  15  1  3
17  0  0  16  1  3
18  0  0  14  1  3
19  0  0  10  1  1
20  0  0  5  1  1
21  0  0  3  1  1
22  0  0  2  1  1
23  0  7582  1  1  1
24  0  0  2  1  1
25  0  0  2  1  2
26  0  0  3  1  3
27  0  0  2  1  3
28  0  5415  1  1  2
29  0  760  1  1  2
30  0  0  2  1  3
31  0  4647  1  1  2
32  0  0  2  1  2
33  0  0  2  1  2
34  0  0  3  1  3
35  0  0  3  1  3
36  0  743  1  1  3
37  0  7440  1  1  3
38  0  8050  1  1  3
39  0  6813  1  1  3
40  0  7263  1  1  3
41  0  2654  1  1  3
42  0  3456  1  1  3
43  0  6858  1  1  3
44  0  5752  1  1  3
45  0  11152  1  1  3
46  0  3736  1  1  3
47  0  12735  1  1  3
48  0  5426  1  1  3
49  0  4764  1  1  3
50  0  4259  1  1  3
51  0  5453  1  1  3
52  0  5928  1  1  3
53  0  7058  1  1  3
54  0  10420  1  1  3
55  0  15957  1  1  3
56  0  16313  1  1  3
57  0  3548  1  1  2
58  0  0  2  1  2
59  0  0  3  1  2
60  0  0  3  1  3
61  0  0  2  1  3
62  0  3471  1  1  3
63  0  1593  1  1  3
64  0  5636  1  1  3
65  0  6998  1  1  3
66  0  4959  1  1  3
67  0  7664  1  1  3
68  0  5811  1  1  3
69  0  4626  1  1  3
70  0  2974  1  1  3
71  0  2977  1  1  3
72  0  4376  1  1  3
73  0  4991  1  1  3
74  0  5922  1  1  3
75  0  3650  1  1  3
76  0  5601  1  1  3
77  0  7320  1  1  3
78  0  3684  1  1  3
79  0  7008  1  1  3
80  0  5141  1  1  3
81  0  6494  1  1  3
82  0  5817  1  1  3
83  0  6124  1  1  3
84  0  8130  1  1  3
85  0  3851  1  1  3
86  0  3286  1  1  3
87  0  5749  1  1  3
88  0  4448  1  1  3
89  0  4621  1  1  3
90  0  3769  1  1  3
91  0  4033  1  1  3
92  0  5324  1  1  3
93  0  4912  1  1  3
94  0  6114  1  1  3
95  0  4733  1  1  3
96  0  5925  1  1  3
97  0  5959  1  1  3
98  0  7749  1  1  3
99  0  7598  1  1  3
100  0  5678  1  1  3
101  0  2819  1  1  3
102  0  4658  1  1  3
103  0  5794  1  1  3
104  0  7278  1  1  3
105  0  10035  1  1  3
106  0  10829  1  1  3
107  0  3908  1  1  3
108  0  5329  1  1  3
109  0  7065  1  1  3
110  0  14498  1  1  3
111  0  8043  1  1  3
112  0  7445  1  1  3
113  0  2556  1  1  3
114  0  1560  1  1  3
115  0  2306  1  1  3
116  0  3783  1  1  3
117  0  6397  1  1  3
118  0  10393  1  1  3
119  0  15691  1  1  3
120  0  11620  1  1  3
121  0  13125  1  1  3
122  0  6724  1  1  3
123  0  4598  1  1  3
124  0  3933  1  1  3
125  0  5185  1  1  3
126  0  5843  1  1  3
127  0  7138  1  1  3
128  0  2948  1  1  3
129  0  4673  1  1  3
130  0  5662  1  1  3
131  0  4920  1  1  3
132  0  7819  1  1  3
133  0  7083  1  1  3
134  0  1657  1  1  3
135  0  0  2  1  3
136  0  1645  1  1  3
137  0  7194  1  1  3
138  0  8046  1  1  3
139  0  7539  1  1  3
140  0  1899  1  1  3
141  0  1485  1  1  3
142  0  2165  1  1  3
143  0  6550  1  1  3
144  0  10182  1  1  3
145  0  10203  1  1  3
146  0  8010  1  1  3
147  0  8899  1  1  3
148  0  12219  1  1  3
149  0  10793  1  1  3
150  0  17414  1  1  3
151  0  15730  1  1  3
152  0  13368  1  1  3
153  0  9933  1  1  3
154  0  10848  1  1  3
155  0  7896  1  1  3
156  0  6470  1  1  3
157  0  8043  1  1  3
158  0  6847  1  1  3
159  0  0  2  1  3
160  0  0  2  1  3
161  0  0  2  1  3
162  0  0  2  1  3
163  0  1736  1  1  3
164  0  1888  1  1  3
165  0  3797  1  1  3
166  0  5429  1  1  3
167  0  5687  1  1  3
168  0  5344  1  1  3
169  0  5391  1  1  3
170  0  5994  1  1  3
171  0  5106  1  1  3
172  0  5142  1  1  3
173  0  4919  1  1  3
174  0  5867  1  1  3
175  0  4032  1  1  3
176  0  1048  1  1  3
177  0  0  2  1  3
178  0  0  2  1  3
179  0  2947  1  1  3
180  0  10244  1  1  3
181  0  9125  1  1  3
182  0  7781  1  1  3
183  0  6380  1  1  3
184  0  1861  1  1  3
185  0  75452851  1  1  3
