3  3  0  3  1  1
4  0  0  4  1  3
5  0  0  4  1  3
6  0  0  4  1  3
3  3  0  3  1  1
4  0  0  4  1  3
5  0  0  4  1  3
6  0  0  4  1  3
7  0  0  5  1  3
8  0  0  5  1  3
9  0  0  5  1  3
10  0  0  6  1  3
11  0  0  6  1  3
12  0  0  6  1  3
13  0  0  6  1  3
14  0  0  7  1  3
15  0  0  7  1  3
16  0  0  8  1  3
17  0  0  9  1  3
18  0  0  9  1  3
19  0  0  9  1  3
20  0  0  9  1  3
21  0  0  9  1  3
22  0  0  10  1  3
23  0  0  10  1  3
24  0  0  10  1  3
25  0  0  11  1  3
26  0  0  11  1  3
27  0  0  11  1  3
28  0  0  12  1  3
29  0  0  12  1  3
30  0  0  12  1  3
31  0  0  12  1  3
32  0  0  13  1  3
33  0  0  13  1  3
34  0  0  13  1  3
35  0  0  14  1  3
36  0  0  14  1  3
37  0  0  14  1  3
38  0  0  14  1  3
39  0  0  14  1  3
40  0  0  15  1  3
41  0  0  15  1  3
42  0  0  16  1  3
43  0  0  16  1  3
44  0  0  16  1  3
3  3  0  3  1  1
4  1  0  4  1  3
5  1  0  5  1  3
6  1  0  5  1  3
7  3  0  5  1  3
8  3  0  6  1  3
9  3  0  6  1  3
10  3  0  6  1  3
11  3  0  7  1  3
12  3  0  7  1  3
13  3  0  7  1  3
14  3  0  7  1  3
15  3  0  8  1  3
16  3  0  9  1  3
17  3  0  9  1  3
18  3  0  10  1  3
19  3  0  10  1  3
20  3  0  10  1  3
21  3  0  10  1  3
22  3  0  11  1  3
23  3  0  11  1  3
24  3  0  11  1  3
25  3  0  12  1  3
26  3  0  12  1  3
27  3  0  12  1  3
28  3  0  13  1  3
29  3  0  13  1  3
30  3  0  13  1  3
31  3  0  14  1  3
32  3  0  14  1  3
33  3  0  14  1  3
34  3  0  15  1  3
35  3  0  15  1  3
36  3  0  16  1  3
37  3  0  16  1  3
38  3  0  16  1  3
39  3  0  16  1  3
40  3  0  16  1  3
41  3  0  16  1  3
42  3  0  16  1  3
43  3  0  16  1  3
44  3  0  16  1  3
45  3  0  16  1  3
46  3  0  16  1  3
47  3  0  16  1  3
48  3  0  16  1  3
49  3  0  16  1  3
50  3  0  16  1  3
51  3  0  16  1  3
52  3  0  16  1  3
53  3  0  16  1  3
54  3  0  16  1  3
55  3  0  15  1  3
56  3  0  15  1  3
57  3  0  16  1  3
58  3  0  16  1  3
59  3  0  16  1  3
60  3  0  16  1  3
61  3  0  16  1  3
62  3  0  16  1  3
63  3  0  16  1  3
64  3  0  16  1  3
65  3  0  16  1  3
66  3  0  16  1  3
67  3  0  16  1  3
68  3  0  16  1  3
69  3  0  16  1  3
70  3  0  16  1  3
71  3  0  16  1  3
72  3  0  16  1  3
73  3  0  16  1  3
74  3  0  16  1  3
75  3  0  16  1  3
76  3  0  16  1  3
77  3  0  16  1  3
78  3  0  16  1  3
79  3  0  16  1  3
80  3  0  16  1  3
81  3  0  16  1  3
82  3  0  16  1  3
83  3  0  16  1  3
84  3  0  16  1  3
85  3  0  16  1  3
86  3  0  16  1  3
87  3  0  16  1  3
88  3  0  16  1  3
89  3  0  16  1  3
90  3  0  16  1  3
91  3  0  16  1  3
92  3  0  16  1  3
93  3  0  16  1  3
94  3  0  16  1  3
95  3  0  15  1  3
96  3  0  16  1  3
97  3  0  16  1  3
98  3  0  16  1  3
99  3  0  16  1  3
100  3  0  16  1  3
101  3  0  16  1  3
102  3  0  16  1  3
103  3  0  16  1  3
104  3  0  15  1  3
105  3  0  16  1  3
106  3  0  16  1  3
107  3  0  16  1  3
108  3  0  16  1  3
109  3  0  15  1  3
110  3  0  15  1  3
111  3  0  16  1  3
112  3  0  16  1  3
113  3  0  16  1  3
114  3  0  16  1  3
115  3  0  16  1  3
116  3  0  16  1  3
117  3  0  16  1  3
118  3  0  15  1  3
119  3  0  15  1  3
120  3  0  15  1  3
121  3  0  15  1  3
122  3  0  16  1  3
123  3  0  16  1  3
124  3  0  16  1  3
125  3  0  16  1  3
126  3  0  16  1  3
127  3  0  16  1  3
128  3  0  16  1  3
129  3  0  16  1  3
130  3  0  16  1  3
131  3  0  16  1  3
132  3  0  16  1  3
133  3  0  16  1  3
134  3  0  16  1  3
135  3  0  16  1  3
136  3  0  16  1  3
137  3  0  16  1  3
138  3  0  16  1  3
139  3  0  16  1  3
140  3  0  16  1  3
141  3  0  16  1  3
142  3  0  16  1  3
143  3  0  15  1  3
144  3  0  16  1  3
145  3  0  16  1  3
146  3  0  16  1  3
147  3  0  15  1  3
148  3  0  15  1  3
149  3  0  15  1  3
150  3  0  14  1  3
151  3  0  14  1  3
152  3  0  14  1  3
153  3  0  14  1  3
154  3  0  15  1  3
155  3  0  15  1  3
156  3  0  15  1  3
157  3  0  16  1  3
158  3  0  16  1  3
159  3  0  16  1  3
160  3  0  16  1  3
161  3  0  16  1  3
162  3  0  15  1  2
163  3  0  6  1  2
164  2  0  6  1  2
165  2  0  6  1  3
166  2  0  6  1  3
167  3  0  7  1  3
168  3  0  7  1  3
169  3  0  7  1  3
170  3  0  8  1  3
171  3  0  8  1  3
172  3  0  9  1  3
173  3  0  9  1  3
174  3  0  9  1  3
175  3  0  10  1  3
176  3  0  11  1  3
177  3  0  12  1  3
178  3  0  12  1  3
179  3  0  12  1  3
180  3  0  12  1  3
181  3  0  12  1  3
182  3  0  13  1  3
183  3  0  13  1  3
184  3  0  14  1  3
3  3  0  3  1  1
4  1  0  4  1  3
5  1  0  5  1  3
6  1  0  5  1  3
7  3  0  5  1  3
8  3  0  6  1  3
9  3  0  6  1  3
10  3  0  7  1  3
11  3  0  7  1  3
12  3  0  7  1  3
13  3  0  7  1  3
14  3  0  8  1  3
15  3  0  8  1  3
16  3  0  9  1  3
17  3  0  10  1  3
18  3  0  10  1  3
19  3  0  10  1  3
20  3  0  10  1  3
21  3  0  10  1  3
22  3  0  11  1  3
23  3  0  11  1  3
24  3  0  11  1  3
25  3  0  11  1  3
26  3  0  12  1  3
27  3  0  12  1  3
28  3  0  12  1  3
29  3  0  13  1  3
30  3  0  13  1  3
31  3  0  13  1  3
32  3  0  13  1  3
33  3  0  14  1  3
34  3  0  14  1  3
35  3  0  14  1  3
36  3  0  15  1  3
37  3  0  15  1  3
38  3  0  15  1  3
39  3  0  16  1  3
40  3  0  16  1  3
41  3  0  16  1  3
42  3  0  16  1  3
43  3  0  15  1  3
44  3  0  15  1  3
45  3  0  16  1  3
46  3  0  16  1  3
47  3  0  16  1  3
48  3  0  16  1  3
49  3  0  16  1  3
50  3  0  16  1  3
51  3  0  16  1  3
52  3  0  16  1  3
53  3  0  15  1  3
54  3  0  16  1  3
55  3  0  15  1  3
56  3  0  15  1  3
57  3  0  16  1  3
58  3  0  16  1  3
59  3  0  16  1  3
60  3  0  16  1  3
61  3  0  16  1  3
62  3  0  16  1  3
63  3  0  16  1  3
64  3  0  15  1  3
65  3  0  16  1  3
66  3  0  16  1  3
67  3  0  16  1  3
68  3  0  16  1  3
69  3  0  16  1  3
70  3  0  16  1  3
71  3  0  16  1  3
72  3  0  15  1  3
73  3  0  16  1  3
74  3  0  16  1  3
75  3  0  15  1  3
76  3  0  15  1  3
77  3  0  16  1  3
78  3  0  16  1  3
79  3  0  16  1  3
80  3  0  16  1  3
81  3  0  16  1  3
82  3  0  16  1  3
83  3  0  16  1  3
84  3  0  16  1  3
85  3  0  16  1  3
86  3  0  16  1  3
87  3  0  16  1  3
88  3  0  16  1  3
89  3  0  16  1  3
90  3  0  16  1  3
91  3  0  16  1  3
92  3  0  16  1  3
93  3  0  16  1  3
94  3  0  16  1  3
95  3  0  16  1  3
96  3  0  16  1  3
97  3  0  16  1  3
98  3  0  16  1  3
99  3  0  16  1  3
100  3  0  16  1  3
101  3  0  16  1  3
102  3  0  16  1  3
103  3  0  16  1  3
104  3  0  16  1  3
105  3  0  15  1  3
106  3  0  16  1  3
107  3  0  16  1  3
108  3  0  16  1  3
109  3  0  15  1  3
110  3  0  15  1  3
111  3  0  16  1  3
112  3  0  16  1  3
113  3  0  16  1  3
114  3  0  16  1  3
115  3  0  16  1  3
116  3  0  16  1  3
117  3  0  16  1  3
118  3  0  15  1  3
119  3  0  15  1  3
120  3  0  15  1  3
121  3  0  15  1  3
122  3  0  16  1  3
123  3  0  16  1  3
124  3  0  16  1  3
125  3  0  16  1  3
126  3  0  16  1  3
127  3  0  16  1  3
128  3  0  16  1  3
129  3  0  16  1  3
130  3  0  16  1  3
131  3  0  16  1  3
132  3  0  16  1  3
133  3  0  16  1  3
134  3  0  16  1  3
135  3  0  16  1  3
136  3  0  15  1  3
137  3  0  16  1  3
138  3  0  16  1  3
139  3  0  16  1  3
140  3  0  16  1  3
141  3  0  16  1  3
142  3  0  16  1  3
143  3  0  15  1  3
144  3  0  15  1  3
145  3  0  15  1  3
146  3  0  16  1  3
147  3  0  16  1  3
148  3  0  16  1  3
149  3  0  15  1  3
150  3  0  15  1  3
151  3  0  15  1  3
152  3  0  15  1  3
153  3  0  15  1  3
154  3  0  15  1  3
155  3  0  15  1  3
156  3  0  16  1  3
157  3  0  16  1  3
158  3  0  16  1  3
159  3  0  16  1  3
160  3  0  16  1  3
161  3  0  16  1  3
162  3  0  16  1  3
163  3  0  16  1  3
164  3  0  16  1  3
165  3  0  16  1  3
166  3  0  16  1  3
167  3  0  16  1  3
168  3  0  16  1  3
169  3  0  16  1  3
170  3  0  16  1  3
171  3  0  16  1  3
172  3  0  16  1  3
173  3  0  16  1  3
174  3  0  16  1  3
175  3  0  16  1  3
176  3  0  16  1  3
177  3  0  16  1  3
178  3  0  16  1  3
179  3  0  15  1  3
180  3  0  16  1  3
181  3  0  16  1  3
182  3  0  16  1  3
183  3  0  16  1  3
184  3  0  16  1  3
3  3  0  3  1  1
4  1  0  4  1  3
5  1  0  5  1  3
6  1  0  5  1  3
7  3  0  6  1  3
8  3  0  6  1  3
9  3  0  6  1  3
10  3  0  7  1  3
11  3  0  7  1  3
12  3  0  7  1  3
13  3  0  7  1  3
14  3  0  8  1  3
15  3  0  8  1  3
16  3  0  9  1  3
17  3  0  10  1  3
18  3  0  10  1  3
19  3  0  10  1  3
20  3  0  10  1  3
21  3  0  11  1  3
22  3  0  11  1  3
23  3  0  11  1  3
24  3  0  12  1  3
25  3  0  12  1  3
26  3  0  12  1  3
27  3  0  13  1  3
28  3  0  13  1  3
29  3  0  13  1  3
30  3  0  14  1  3
31  3  0  14  1  3
32  3  0  14  1  3
33  3  0  15  1  3
34  3  0  15  1  3
35  3  0  16  1  3
36  3  0  16  1  3
37  3  0  16  1  3
38  3  0  16  1  3
39  3  0  16  1  3
40  3  0  16  1  3
41  3  0  16  1  3
42  3  0  16  1  3
43  3  0  16  1  3
44  3  0  15  1  3
45  3  0  15  1  3
46  3  0  16  1  3
47  3  0  15  1  3
48  3  0  16  1  3
49  3  0  16  1  3
50  3  0  16  1  3
51  3  0  16  1  3
52  3  0  16  1  3
53  3  0  16  1  3
54  3  0  16  1  3
55  3  0  15  1  3
56  3  0  16  1  3
57  3  0  16  1  3
58  3  0  16  1  3
59  3  0  16  1  3
60  3  0  16  1  3
61  3  0  16  1  3
62  3  0  16  1  3
63  3  0  16  1  3
64  3  0  16  1  3
65  3  0  16  1  3
66  3  0  16  1  3
67  3  0  16  1  3
68  3  0  16  1  3
69  3  0  16  1  3
70  3  0  16  1  3
71  3  0  16  1  3
72  3  0  16  1  3
73  3  0  16  1  3
74  3  0  16  1  3
75  3  0  16  1  3
76  3  0  16  1  3
77  3  0  16  1  3
78  3  0  16  1  3
79  3  0  16  1  3
80  3  0  16  1  3
81  3  0  16  1  3
82  3  0  16  1  3
83  3  0  16  1  3
84  3  0  16  1  3
85  3  0  16  1  3
86  3  0  16  1  3
87  3  0  16  1  3
88  3  0  16  1  3
89  3  0  16  1  3
90  3  0  16  1  3
91  3  0  16  1  3
92  3  0  16  1  3
93  3  0  16  1  3
94  3  0  16  1  3
95  3  0  16  1  3
96  3  0  16  1  3
97  3  0  16  1  3
98  3  0  16  1  3
99  3  0  16  1  3
100  3  0  16  1  3
101  3  0  16  1  3
102  3  0  16  1  3
103  3  0  16  1  3
104  3  0  16  1  3
105  3  0  16  1  3
106  3  0  16  1  3
107  3  0  16  1  3
108  3  0  16  1  3
109  3  0  15  1  3
110  3  0  15  1  3
111  3  0  16  1  3
112  3  0  16  1  3
113  3  0  16  1  3
114  3  0  16  1  3
115  3  0  16  1  3
116  3  0  16  1  3
117  3  0  16  1  3
118  3  0  15  1  3
119  3  0  15  1  3
120  3  0  15  1  3
121  3  0  15  1  3
122  3  0  16  1  3
123  3  0  16  1  3
124  3  0  16  1  3
125  3  0  16  1  3
126  3  0  16  1  3
127  3  0  16  1  3
128  3  0  16  1  3
129  3  0  16  1  3
130  3  0  16  1  3
131  3  0  16  1  3
132  3  0  16  1  3
133  3  0  16  1  3
134  3  0  16  1  3
135  3  0  16  1  3
136  3  0  16  1  3
137  3  0  15  1  3
138  3  0  15  1  3
139  3  0  16  1  3
140  3  0  16  1  3
141  3  0  16  1  3
142  3  0  16  1  3
143  3  0  15  1  3
144  3  0  16  1  3
145  3  0  16  1  3
146  3  0  16  1  3
147  3  0  15  1  3
148  3  0  16  1  3
149  3  0  15  1  3
150  3  0  15  1  3
151  3  0  15  1  3
152  3  0  15  1  3
153  3  0  15  1  3
154  3  0  15  1  3
155  3  0  16  1  3
156  3  0  16  1  3
157  3  0  16  1  3
158  3  0  16  1  3
159  3  0  16  1  3
160  3  0  16  1  3
161  3  0  16  1  3
162  3  0  16  1  3
163  3  0  16  1  3
164  3  0  16  1  3
165  3  0  16  1  3
166  3  0  16  1  3
167  3  0  16  1  3
168  3  0  16  1  3
169  3  0  16  1  3
170  3  0  16  1  3
171  3  0  16  1  3
172  3  0  16  1  3
173  3  0  16  1  3
174  3  0  16  1  3
175  3  0  16  1  3
176  3  0  16  1  3
177  3  0  16  1  3
178  3  0  16  1  3
179  3  0  15  1  3
180  3  0  16  1  3
181  3  0  16  1  3
182  3  0  16  1  3
183  3  0  16  1  3
184  3  0  16  1  3
185  3  904772  1  1  3
186  3  0  2  1  3
187  3  0  3  1  3
188  3  0  4  1  3
189  3  0  5  1  2
190  3  0  6  1  3
3  3  0  2  1  1
191  3  0  6  1  3
192  3  0  5  1  3
4  3  0  2  1  3
193  3  0  5  1  3
5  3  0  2  1  3
194  3  0  6  1  3
6  3  0  2  1  3
195  3  0  6  1  3
7  3  0  3  1  3
196  3  0  7  1  3
8  3  0  3  1  3
9  3  0  3  1  3
197  3  0  7  1  3
198  3  0  6  1  3
10  3  0  3  1  3
199  3  0  5  1  2
11  3  0  2  1  2
12  3  0  2  1  2
200  3  0  5  1  2
201  3  0  5  1  2
13  2  1038  1  1  2
202  3  0  5  1  2
14  2  0  2  1  2
203  3  0  5  1  2
15  2  0  2  1  2
204  3  0  6  1  2
16  2  0  3  1  2
17  2  0  4  1  2
205  3  0  7  1  2
206  3  0  6  1  2
18  2  0  3  1  2
19  2  0  3  1  2
207  3  0  6  1  2
20  2  0  3  1  2
208  3  0  6  1  2
21  2  0  3  1  2
209  3  0  6  1  2
210  3  0  6  1  2
22  2  0  3  1  2
211  3  0  6  1  2
23  2  0  3  1  2
24  2  0  3  1  2
212  3  0  6  1  2
25  2  0  3  1  2
213  3  0  6  1  2
26  2  0  3  1  2
214  3  0  6  1  2
215  3  0  6  1  2
27  2  0  3  1  2
28  2  0  3  1  2
216  3  0  6  1  2
217  3  0  6  1  2
29  2  0  3  1  2
218  3  0  7  1  2
30  2  0  3  1  2
219  3  0  6  1  2
31  2  0  3  1  2
220  3  0  6  1  2
32  2  0  3  1  2
33  2  0  3  1  2
221  3  0  6  1  2
34  2  0  3  1  2
222  3  0  7  1  2
35  2  0  3  1  2
223  3  0  7  1  2
224  3  0  6  1  2
36  2  0  3  1  2
37  2  0  3  1  2
225  3  0  6  1  2
38  2  0  3  1  2
226  3  0  6  1  2
39  2  0  2  1  2
227  3  0  6  1  2
228  3  0  6  1  2
40  2  0  3  1  2
229  3  0  6  1  2
41  2  0  2  1  2
42  2  0  3  1  2
230  3  0  6  1  2
231  3  0  6  1  2
43  2  0  3  1  2
44  2  0  3  1  2
232  3  0  6  1  2
233  3  0  6  1  2
45  2  0  2  1  2
234  3  0  6  1  2
46  2  0  2  1  2
235  3  0  5  1  2
47  2  0  2  1  2
48  2  0  2  1  2
236  3  0  5  1  2
49  2  0  2  1  2
237  3  0  5  1  2
50  2  0  3  1  2
238  3  0  6  1  2
239  3  0  6  1  2
51  2  0  3  1  2
240  3  0  6  1  2
52  2  0  3  1  2
53  2  0  2  1  2
241  3  0  5  1  2
242  3  0  5  1  2
54  2  0  2  1  2
243  3  0  4  1  2
55  2  2620  1  1  2
244  3  0  4  1  2
56  2  787  1  1  2
245  3  0  4  1  2
57  2  0  2  1  2
246  3  0  5  1  2
58  2  0  3  1  2
59  2  0  3  1  3
247  3  0  5  1  3
248  3  0  4  1  2
60  2  0  2  1  2
249  3  0  5  1  2
61  3  0  2  1  2
62  2  0  3  1  2
250  3  0  5  1  2
251  3  0  5  1  2
63  2  0  3  1  2
64  2  0  3  1  2
252  3  0  5  1  2
65  2  0  3  1  2
253  3  0  5  1  2
66  2  0  3  1  2
254  3  0  5  1  2
67  2  0  3  1  2
255  3  0  5  1  2
68  2  0  2  1  2
256  3  0  5  1  2
69  2  0  3  1  2
257  3  0  5  1  2
70  2  0  3  1  2
258  3  0  5  1  2
259  3  0  6  1  2
71  2  0  3  1  2
260  3  0  6  1  2
72  2  0  3  1  2
73  2  0  4  1  2
261  3  0  6  1  2
262  3  0  6  1  2
74  2  0  4  1  2
263  3  0  6  1  2
75  2  0  4  1  2
264  3  0  5  1  2
76  2  0  3  1  2
77  2  0  2  1  1
265  3  0  4  1  1
266  3  0  5  1  1
78  2  0  3  1  1
79  1  0  4  1  1
267  3  0  6  1  1
80  1  0  4  1  3
268  3  0  7  1  3
269  3  0  5  1  1
81  1  0  3  1  1
270  3  0  6  1  1
82  3  0  3  1  1
83  1  0  4  1  1
271  3  0  6  1  1
272  3  0  7  1  2
84  1  0  4  1  2
273  3  0  6  1  2
85  1  0  4  1  2
274  3  0  2  1  2
86  2  5862  1  1  2
87  2  0  2  1  2
275  3  0  3  1  2
276  3  0  3  1  2
88  2  0  2  1  2
277  3  0  3  1  2
89  2  0  2  1  2
278  3  0  3  1  2
90  2  0  2  1  2
279  3  0  3  1  2
91  2  0  2  1  2
280  3  0  3  1  2
92  2  0  2  1  2
281  3  0  3  1  2
93  2  0  2  1  2
282  3  0  3  1  2
94  2  0  2  1  2
95  2  0  2  1  2
283  3  0  3  1  2
96  2  0  2  1  2
284  3  0  3  1  2
285  3  0  3  1  2
97  2  0  2  1  2
286  3  0  3  1  2
98  2  0  2  1  2
287  3  0  3  1  2
99  2  0  2  1  2
100  2  0  2  1  2
288  3  0  3  1  2
101  2  0  2  1  2
289  3  0  3  1  2
290  3  0  3  1  2
102  2  0  2  1  2
103  2  0  2  1  2
291  3  0  3  1  2
104  2  0  2  1  2
292  3  0  3  1  2
293  3  0  2  1  2
105  2  1265  1  1  2
106  2  0  2  1  2
294  3  0  2  1  2
295  3  0  2  1  2
107  2  0  2  1  2
296  3  0  2  1  2
108  2  0  2  1  2
297  3  0  2  1  2
109  2  1130  1  1  2
298  3  0  2  1  2
110  2  520  1  1  2
111  2  398  1  1  2
299  3  0  2  1  2
112  2  0  2  1  2
300  3  0  2  1  2
301  3  0  2  1  2
113  2  0  2  1  2
114  2  0  3  1  2
302  3  0  3  1  2
115  2  0  3  1  2
303  3  0  3  1  2
116  2  0  3  1  2
304  3  0  3  1  2
305  3  0  3  1  2
117  2  0  3  1  2
118  2  0  2  1  2
306  3  0  2  1  2
307  3  2262  1  1  2
119  2  2345  1  1  2
308  3  3490  1  1  2
120  2  3494  1  1  2
309  3  0  2  1  2
121  2  0  2  1  2
310  3  0  2  1  2
122  2  0  2  1  2
123  2  0  2  1  2
311  3  0  2  1  2
124  2  0  2  1  2
312  3  0  2  1  2
125  2  0  2  1  2
313  3  0  2  1  2
126  2  0  2  1  2
314  3  0  2  1  2
315  3  0  3  1  2
127  2  0  3  1  2
316  3  0  3  1  2
128  2  0  3  1  2
317  3  0  3  1  2
129  2  0  3  1  2
318  3  0  3  1  2
130  2  0  3  1  2
319  3  0  3  1  2
131  2  0  3  1  2
320  3  0  3  1  2
132  2  0  3  1  2
133  2  0  4  1  2
321  3  0  4  1  2
322  3  0  4  1  3
134  2  0  4  1  3
135  2  0  4  1  2
323  3  0  4  1  2
324  3  0  4  1  2
136  3  0  4  1  2
325  3  0  5  1  2
137  2  0  5  1  2
138  2  0  5  1  2
326  3  0  5  1  2
327  3  0  5  1  2
139  2  0  5  1  2
140  2  0  5  1  2
328  3  0  5  1  2
141  2  0  5  1  2
329  3  0  5  1  2
330  3  0  4  1  2
142  2  0  4  1  2
143  2  0  4  1  2
331  3  0  4  1  2
332  3  0  4  1  2
144  2  0  4  1  2
333  3  0  3  1  2
145  2  0  3  1  2
334  3  0  3  1  2
146  2  0  3  1  2
147  2  0  3  1  2
335  3  0  3  1  2
336  3  0  3  1  2
148  2  0  3  1  2
149  2  0  2  1  2
337  3  0  2  1  2
338  3  2458  1  1  2
150  2  2458  1  1  2
151  2  2900  1  1  2
339  3  2932  1  1  2
340  3  1427  1  1  2
152  2  1451  1  1  2
341  3  3097  1  1  2
153  2  3083  1  1  2
342  3  0  2  1  2
154  2  0  2  1  2
155  2  0  2  1  2
343  3  0  2  1  2
344  3  1181  1  1  2
156  2  1181  1  1  2
345  3  666  1  1  2
157  2  667  1  1  2
346  3  0  2  1  2
158  2  0  2  1  2
347  3  0  3  1  2
159  2  0  3  1  2
348  3  0  2  1  3
160  2  0  2  1  3
349  3  0  3  1  2
161  2  0  3  1  2
162  3  0  2  1  2
350  3  0  2  1  2
163  2  0  2  1  2
351  3  0  2  1  2
164  2  0  2  1  2
352  3  0  2  1  2
165  2  0  2  1  2
353  3  0  2  1  2
166  2  0  2  1  2
354  3  0  2  1  2
355  3  0  2  1  2
167  2  0  2  1  2
168  2  0  2  1  2
356  3  0  2  1  2
169  2  0  2  1  2
357  3  0  2  1  2
170  2  0  2  1  2
358  3  0  2  1  2
359  3  0  2  1  2
171  2  0  2  1  2
360  3  0  2  1  2
172  2  0  2  1  2
173  2  0  2  1  2
361  3  0  2  1  2
174  2  0  2  1  2
362  3  0  2  1  2
175  2  0  2  1  2
363  3  0  2  1  2
364  3  0  3  1  2
176  2  0  3  1  2
365  3  0  3  1  2
177  2  0  3  1  2
366  3  0  2  1  2
178  2  0  2  1  2
367  3  0  2  1  2
179  2  0  2  1  2
368  3  75  1  1  2
180  2  82  1  1  2
369  3  0  2  1  2
181  2  0  2  1  2
182  2  0  2  1  2
370  3  0  2  1  2
371  3  0  3  1  2
183  2  0  3  1  2
372  3  0  3  1  3
184  2  0  3  1  3
3  3  14708  1  1  1
4  0  2522  1  1  2
5  0  0  2  1  2
6  0  0  2  1  3
7  0  0  3  1  3
8  0  0  3  1  3
9  0  0  4  1  3
10  0  0  4  1  3
11  0  0  4  1  3
12  0  0  4  1  3
13  0  0  5  1  3
14  0  0  5  1  3
15  0  0  6  1  3
16  0  0  6  1  3
17  0  0  7  1  3
18  0  0  6  1  3
19  0  0  6  1  3
20  0  0  7  1  3
21  0  0  7  1  3
22  0  0  7  1  3
23  0  0  8  1  3
24  0  0  8  1  3
25  0  0  8  1  3
26  0  0  8  1  3
27  0  0  9  1  3
28  0  0  9  1  3
29  0  0  9  1  3
30  0  0  9  1  3
31  0  0  10  1  3
32  0  0  10  1  3
33  0  0  11  1  3
34  0  0  11  1  3
35  0  0  11  1  3
36  0  0  12  1  3
37  0  0  12  1  3
38  0  0  12  1  3
39  0  0  12  1  3
40  0  0  13  1  3
41  0  0  13  1  3
42  0  0  14  1  3
43  0  0  14  1  3
44  0  0  14  1  3
45  0  0  14  1  3
46  0  0  14  1  3
47  0  0  15  1  3
48  0  0  15  1  3
49  0  0  15  1  3
50  0  0  15  1  3
51  0  0  15  1  3
52  0  0  15  1  3
53  0  0  15  1  3
54  0  0  14  1  3
55  0  0  14  1  3
56  0  0  15  1  3
57  0  0  15  1  3
58  0  0  15  1  3
59  0  0  15  1  3
60  0  0  15  1  3
61  0  0  15  1  3
62  0  0  15  1  3
63  0  0  15  1  3
64  0  0  15  1  3
65  0  0  15  1  3
66  0  0  15  1  3
67  0  0  15  1  3
68  0  0  15  1  3
69  0  0  15  1  3
70  0  0  15  1  3
71  0  0  15  1  3
72  0  0  15  1  3
73  0  0  15  1  3
74  0  0  15  1  3
75  0  0  15  1  3
76  0  0  15  1  3
77  0  0  15  1  3
78  0  0  15  1  3
79  0  0  15  1  3
80  0  0  15  1  3
81  0  0  15  1  3
82  0  0  15  1  3
83  0  0  15  1  3
84  0  0  15  1  3
85  0  0  15  1  3
86  0  0  15  1  3
87  0  0  15  1  3
88  0  0  15  1  3
89  0  0  15  1  3
90  0  0  15  1  3
91  0  0  15  1  3
92  0  0  15  1  3
93  0  0  15  1  3
94  0  0  15  1  3
95  0  0  15  1  3
96  0  0  15  1  3
97  0  0  15  1  3
98  0  0  15  1  3
99  0  0  15  1  3
100  0  0  15  1  3
101  0  0  15  1  3
102  0  0  14  1  3
103  0  0  15  1  3
104  0  0  14  1  3
105  0  0  15  1  3
106  0  0  15  1  3
107  0  0  15  1  3
108  0  0  14  1  3
109  0  0  14  1  3
110  0  0  15  1  3
111  0  0  15  1  3
112  0  0  15  1  3
113  0  0  15  1  3
114  0  0  15  1  3
115  0  0  15  1  3
116  0  0  15  1  3
117  0  0  14  1  3
118  0  0  14  1  3
119  0  0  14  1  3
120  0  0  14  1  3
121  0  0  15  1  3
122  0  0  15  1  3
123  0  0  15  1  3
124  0  0  15  1  3
125  0  0  15  1  3
126  0  0  15  1  3
127  0  0  15  1  3
128  0  0  15  1  3
129  0  0  15  1  3
130  0  0  15  1  3
131  0  0  15  1  3
132  0  0  15  1  3
133  0  0  15  1  3
134  0  0  15  1  3
135  0  0  15  1  3
136  0  0  15  1  3
137  0  0  15  1  3
138  0  0  15  1  3
139  0  0  15  1  3
140  0  0  15  1  3
3  3  198620  1  1  1
4  0  21126  1  1  1
5  0  0  2  1  1
3  3  0  2  1  1
4  0  0  2  1  3
5  0  0  2  1  3
6  0  0  2  1  3
7  0  0  3  1  3
8  0  0  3  1  3
9  0  0  4  1  3
10  0  0  4  1  3
11  0  0  4  1  3
12  0  0  4  1  3
13  0  0  4  1  3
14  0  0  5  1  3
15  0  0  4  1  2
3  3  0  3  1  1
4  1  0  3  1  3
5  1  0  4  1  3
6  1  0  3  1  2
7  3  0  4  1  2
8  2  0  4  1  2
9  2  0  4  1  2
10  2  0  4  1  2
11  2  0  3  1  2
12  2  0  3  1  2
13  2  0  3  1  2
14  2  0  4  1  2
15  2  0  4  1  2
16  2  0  5  1  3
17  2  0  5  1  3
18  3  0  5  1  2
19  3  0  5  1  2
20  2  0  4  1  2
21  2  0  5  1  2
22  2  0  5  1  2
23  2  0  5  1  2
24  2  0  5  1  2
25  2  0  5  1  3
26  2  0  4  1  2
27  3  0  4  1  2
28  2  0  4  1  2
29  2  0  4  1  2
30  2  0  4  1  2
31  2  0  4  1  2
32  2  0  4  1  2
33  2  0  4  1  2
34  2  0  4  1  2
35  2  0  5  1  2
36  2  0  5  1  2
37  2  0  5  1  2
38  2  0  5  1  2
39  2  0  5  1  2
40  2  0  5  1  2
41  2  0  5  1  2
42  2  0  5  1  2
43  2  0  5  1  2
44  2  0  5  1  2
45  2  0  5  1  2
46  2  0  5  1  2
47  2  0  5  1  2
48  2  0  5  1  2
49  2  0  5  1  2
50  2  0  5  1  2
51  2  0  5  1  2
52  2  0  5  1  2
53  2  0  4  1  2
54  2  0  4  1  2
55  2  0  3  1  2
56  2  0  3  1  2
57  2  0  3  1  2
58  2  0  4  1  2
59  2  0  4  1  2
60  2  0  4  1  2
61  2  0  5  1  2
62  2  0  5  1  2
63  2  0  5  1  2
64  2  0  5  1  2
65  2  0  5  1  2
66  2  0  5  1  2
67  2  0  5  1  2
68  2  0  5  1  2
69  2  0  5  1  2
70  2  0  6  1  2
71  2  0  6  1  2
72  2  0  6  1  2
73  2  0  6  1  2
74  2  0  6  1  2
75  2  0  6  1  2
76  2  0  5  1  2
77  2  0  6  1  2
78  2  0  6  1  2
79  2  0  6  1  2
80  2  0  6  1  2
81  2  0  6  1  2
82  2  0  6  1  2
83  2  0  5  1  2
84  2  0  5  1  2
85  2  0  5  1  2
86  2  0  5  1  2
87  2  0  6  1  2
88  2  0  5  1  2
89  2  0  6  1  2
90  2  0  5  1  2
91  2  0  6  1  2
92  2  0  6  1  2
93  2  0  5  1  2
94  2  0  5  1  2
95  2  0  5  1  2
96  2  0  5  1  2
97  2  0  5  1  2
98  2  0  6  1  2
99  2  0  6  1  2
100  2  0  6  1  2
101  2  0  6  1  2
102  2  0  5  1  2
103  2  0  6  1  2
104  2  0  5  1  2
105  2  0  4  1  2
106  2  0  4  1  2
107  2  0  5  1  2
108  2  0  5  1  2
109  2  0  4  1  2
110  2  0  3  1  2
111  2  0  4  1  2
112  2  0  4  1  2
113  2  0  4  1  2
114  2  0  5  1  2
115  2  0  5  1  2
116  2  0  5  1  2
117  2  0  4  1  2
118  2  0  4  1  2
119  2  0  3  1  2
120  2  0  2  1  2
121  2  0  2  1  2
122  2  0  3  1  2
123  2  0  3  1  2
124  2  0  3  1  2
125  2  0  3  1  2
126  2  0  3  1  2
127  2  0  3  1  2
128  2  0  3  1  2
129  2  0  3  1  2
130  2  0  4  1  2
131  2  0  4  1  2
132  2  0  4  1  2
133  2  0  5  1  2
134  2  0  5  1  2
135  2  0  6  1  2
136  2  0  5  1  2
137  2  0  6  1  2
138  2  0  6  1  2
139  2  0  6  1  2
140  2  0  6  1  2
141  2  0  6  1  2
142  2  0  5  1  2
143  2  0  5  1  2
144  2  0  5  1  2
145  2  0  4  1  2
146  2  0  4  1  2
147  2  0  4  1  2
148  2  0  3  1  2
149  2  0  2  1  2
150  2  2038  1  1  2
151  2  3514  1  1  2
152  2  1710  1  1  2
153  2  2397  1  1  2
154  2  964  1  1  2
155  2  0  2  1  2
156  2  1830  1  1  2
157  2  1199  1  1  2
158  2  0  2  1  2
