3  1  0  2  1  1
4  0  0  3  1  3
5  0  0  4  1  3
6  0  0  5  1  3
7  0  0  5  1  3
8  0  0  6  1  3
9  0  0  7  1  3
10  0  0  8  1  3
11  0  0  9  1  3
12  0  0  9  1  3
13  0  0  10  1  3
14  0  0  11  1  3
15  0  0  12  1  3
16  0  0  13  1  3
17  0  0  14  1  3
18  0  0  15  1  3
19  0  0  14  1  3
20  0  0  14  1  3
3  1  0  2  1  1
4  1  0  3  1  3
5  1  0  4  1  3
6  3  0  5  1  3
7  3  0  6  1  3
8  3  0  7  1  3
9  3  0  7  1  3
10  3  0  8  1  3
11  3  0  9  1  3
12  3  0  10  1  3
13  3  0  11  1  3
14  3  0  12  1  3
15  3  0  13  1  3
16  3  0  14  1  3
17  3  0  14  1  3
18  3  0  15  1  3
19  3  0  16  1  3
20  3  0  16  1  3
21  3  0  16  1  3
22  3  0  16  1  3
23  3  0  16  1  3
24  3  0  16  1  3
25  3  0  16  1  3
26  3  0  16  1  3
27  3  0  16  1  3
28  3  0  16  1  3
29  3  0  16  1  3
30  3  0  16  1  3
31  3  0  16  1  3
32  3  0  16  1  3
33  3  0  16  1  3
34  3  0  16  1  3
35  3  0  16  1  3
36  3  0  16  1  3
37  3  0  16  1  3
38  3  0  16  1  3
39  3  0  16  1  3
