1  1  0  0  1  1
2  1  0  1  1  1
3  3  0  2  1  1
4  3  0  3  1  3
5  3  0  4  1  3
6  3  0  5  1  3
7  3  0  6  1  3
8  3  0  7  1  3
9  3  0  7  1  3
10  3  0  8  1  3
11  3  0  9  1  3
12  3  0  10  1  3
13  3  0  11  1  3
14  3  0  12  1  3
15  3  0  13  1  3
16  3  0  13  1  3
17  3  0  14  1  3
18  3  0  15  1  3
19  3  0  16  1  3
20  3  0  17  1  3
21  3  0  17  1  3
22  3  0  17  1  3
23  3  0  17  1  3
24  3  0  17  1  3
25  3  0  17  1  3
26  3  0  17  1  3
27  3  0  17  1  3
28  3  0  17  1  3
29  3  0  17  1  3
30  3  0  17  1  3
31  3  0  17  1  3
32  3  0  17  1  3
33  3  0  17  1  3
34  3  0  17  1  3
35  3  0  17  1  3
36  3  0  17  1  3
37  3  0  17  1  3
38  3  0  17  1  3
39  3  0  17  1  3
40  3  0  17  1  3
41  3  0  17  1  3
42  3  0  17  1  3
43  3  0  17  1  3
44  3  0  17  1  3
45  3  0  17  1  3
46  3  0  17  1  3
47  3  0  17  1  3
48  3  0  17  1  3
49  3  0  17  1  3
50  3  0  17  1  3
51  3  0  17  1  3
1  1  0  0  1  1
2  1  0  1  1  1
3  1  0  2  1  1
4  1  6811  1  1  1
5  1  9058  1  1  1
6  1  18490  1  1  1
7  1  8100  1  1  3
8  1  4072  1  1  3
9  1  6999  1  1  3
10  1  9138  1  1  3
11  1  6765  1  1  3
12  1  9244  1  1  3
1  1  0  0  1  1
2  1  0  1  1  1
3  1  0  2  1  1
4  1  0  3  1  3
